image: rtabmap_indoors_with_much_light.pgm
resolution: 0.050000
origin: [-11.225000, -13.074999, 0.000000]
negate: 0
occupied_thresh: 0.65
free_thresh: 0.196
