image: karto_indoors_with_nothing.pgm
resolution: 0.025000
origin: [-14.984011, -9.661895, 0.000000]
negate: 0
occupied_thresh: 0.65
free_thresh: 0.196

