image: karto_outdoors_dense.pgm
resolution: 0.025000
origin: [-13.725423, -12.033119, 0.000000]
negate: 0
occupied_thresh: 0.65
free_thresh: 0.196

