image: indoor_rgb_distance_features.pgm
resolution: 0.025000
origin: [-10.656157, -12.404681, 0.000000]
negate: 0
occupied_thresh: 0.65
free_thresh: 0.196

