image: rtabmap_indoor_with_nothing_asphalt.pgm
resolution: 0.050000
origin: [-21.168690, -25.639769, 0.000000]
negate: 0
occupied_thresh: 0.65
free_thresh: 0.196
