image: indoor_distance_features.pgm
resolution: 0.050000
origin: [-10.525000, -21.448154, 0.000000]
negate: 0
occupied_thresh: 0.65
free_thresh: 0.196
