image: gmapping_test2_normal_speed.pgm
resolution: 0.050000
origin: [-13.800000, -18.600000, 0.000000]
negate: 0
occupied_thresh: 0.65
free_thresh: 0.196

