image: gmapping_vergina.pgm
resolution: 0.035000
origin: [-36.855000, -37.975000, 0.000000]
negate: 0
occupied_thresh: 0.65
free_thresh: 0.196

