image: indoor_with_distance_features.pgm
resolution: 0.025000
origin: [-43.762497, -43.762497, 0.000000]
negate: 0
occupied_thresh: 0.65
free_thresh: 0.196

