image: karto_vergina.pgm
resolution: 0.025000
origin: [-36.955138, -1.862014, 0.000000]
negate: 0
occupied_thresh: 0.65
free_thresh: 0.196

