image: karto_lab_test1.pgm
resolution: 0.025000
origin: [-10.392214, -4.373760, 0.000000]
negate: 0
occupied_thresh: 0.65
free_thresh: 0.196

